FXMEDIAN,FXIQR,PPQ,GNE,VTLEN,SLOPE,LEVEL,STOI,PESQ
PC1,-0.267870822670574,-0.105718786597684,-0.421963644734508,0.109499975406,0.3428823537861,0.289829532076476,0.230579970091021,0.463467673889544,0.507431103580804
PC2,-0.578123535215694,0.152721083859459,0.0184754005617865,-0.285740207539778,0.512814959028828,-0.286515604837566,-0.444442387060368,-0.0683079785555861,-0.114870590554171
PC3,0.0995117149100534,-0.755692779670463,-0.301351279150603,-0.470376265073658,0.00498718904739006,-0.256687326726624,0.0974525581264934,-0.177480377486745,0.00706228888904358
PC4,-0.171575210605017,0.0694253954530101,-0.337568068390087,0.0579001121430234,0.193088551949329,0.503629515709172,0.285226625902852,-0.554768869424676,-0.410352084429027
PC5,0.0615301013728912,0.367582076907768,0.270998032860067,-0.739611904652906,0.0304771783450784,0.146512568792159,0.422513304108134,-0.00168666592749756,0.199290320483986
PC6,-0.0650180633124939,-0.39544883308818,0.414626798805001,-0.16546004773641,-0.0107255202389419,0.664186702223903,-0.365487293901107,0.214734542686728,-0.1383819502196
PC7,0.171976567755014,0.301770950332797,-0.586402601426512,-0.306458275754378,-0.365037865968479,0.192616463580537,-0.515210847452286,0.0499477300450591,0.0572968519036552
PC8,0.126132388640308,0.0635245281753552,-0.166164652447772,-0.111513927192168,0.106320634253904,-0.108111738483467,0.201052375830514,0.619741794930079,-0.701794151941122
PC9,-0.707940071503396,-0.054871768022695,-0.00255520448391602,-0.0316418680388903,-0.660714637545313,-0.0545657352195411,0.201220981650673,0.0926040801739049,-0.0788388007448534
